12968
12985
13080
14100
14345
16778
16907
21494
22351
22352
22363
22365
22366
22371
22372
22388
22389
22392
22393
22396
22397
22398
22399
22400
22418
22427
22428
22439
22441
22459
22468
22469
22470
22471
22473
22487
22491
22496
22497
22502
22503
22509
22513
22519
22520
22521
22523
22530
22531
22532
22533
22538
22540
22541
22555
22556
22562
22563
22574
22575
22578
22579
22580
22582
22587
22593
22597
22601
22602
22603
22604
22610
22613
22615
22618
22619
22620
22630
22631
22642
22648
22649
22656
22659
22660
22673
22674
22676
22677
22678
22679
22684
22685
22696
22697
22698
22700
22703
22704
22705
22715
22720
22721
22725
22726
22727
22728
22729
22730
22731
22734
22735
22736
22737
22739
22740
22753
22755
22756
22759
22760
22761
22775
22776
22778
22779
22784
22804
22807
22808
22811
22812
22819
22820
22828
22832
22850
22853
22859
22861
22864
22867
22870
22874
22881
22882
22886
22887
22888
22889
22890
22894
22896
22898
23206
23229
23360
23361
23442
23468
23469
23473
23474
23490
23491
23494
23497
23498
23499
23500
23501
23513
23518
23519
24911
25014
25027
25179
25189
25611
26577
37484
37549
94946
94947
